     -10.7249     -50.5770       1       1     0.910000
     -30.9789     -42.4754       1       2     0.910000
     -38.2703     -28.5870       1       3     0.910000
     -27.1467     -38.5275       2       1     0.930000
     -14.1842     -23.6232       2       2     0.930000
     -33.8980     -19.2252       2       3     0.930000
     -2.26090     -48.8791       3       1      1.04000
     -28.5952     -42.9699       3       2      1.04000
     -12.8589     -24.3561       3       3      1.04000
     -39.5144     -17.5605       3       4      1.04000
     -7.03423     -51.6058       4       1      1.08000
     -27.1724     -47.4650       4       2      1.08000
     -14.6729     -28.2398       4       3      1.08000
     -21.9103     -45.4942       7       1      1.17000
     -2.87074     -45.1723       7       2      1.17000
     -6.23067     -27.4716       7       3      1.17000
     -45.4298     -8.80532       7       4      1.17000
      8.44092     -48.3775       9       1      1.32000
     -28.0935     -43.5191       9       2      1.32000
     -5.54138     -17.7324       9       3      1.32000
     -41.6247     -6.52077       9       4      1.32000
      18.1640     -40.8431      10       1      1.43000
     -1.70287     -10.1656      10       2      1.43000
     -34.6637      1.80608      10       3      1.43000
      57.7815      30.6517      12       1      1.48000
      42.3396      47.9771      12       2      1.48000
      29.3358      51.9247      12       3      1.48000
      18.3446     -60.6712      13       1      1.51000
     -38.0050     -32.5739      13       2      1.51000
     -35.9925     -17.2480      13       3      1.51000
      5.90844     -58.4394      14       1      1.53000
     -33.7091     -50.4411      14       2      1.53000
     -9.36579     -20.4473      14       3      1.53000
     -49.4607     -12.4490      14       4      1.53000
      60.9807      29.3668      15       1      1.55000
      38.4067      50.8818      15       2      1.55000
      34.7262      51.7600      15       3      1.55000
      27.3006     -30.4129      16       1      1.54000
     -1.12353     0.968570      16       2      1.54000
     -19.9395      9.33695      16       3      1.54000
      11.8035     -56.4220      17       1      1.55000
     -34.5325     -46.4135      17       2      1.55000
     -45.1092     -9.58231      17       3      1.55000
      55.3760      37.5932      18       1      1.56000
      48.8672      46.8913      18       2      1.56000
      25.5442      56.5770      18       3      1.56000
      58.6658      22.0583      19       1      1.66000
      35.5254      36.1772      19       2      1.66000
      23.7922      48.8099      19       3      1.66000
      46.8935      25.6695      20       1      1.67000
      39.9970      28.7723      20       2      1.67000
      13.6104      50.9349      20       3      1.67000
      32.9702     -7.15721      21       1      1.86000
     -13.1020      27.3252      21       2      1.86000
      23.8835     -23.0231      22       1      1.94000
      15.7485     -11.4072      22       2      1.94000
     -36.1120      17.1043      22       3      1.94000
      56.4495      46.5024      23       1      1.96000
      55.0806      48.0277      23       2      1.96000
      25.7868      62.0945      23       3      1.96000
      63.6067      18.8904      24       1      1.99000
      36.2294      39.1496      24       2      1.99000
      38.1849      40.5185      24       3      1.99000
      39.8145      45.4464      24       4      1.99000
      25.1480      50.1006      24       5      1.99000
      53.5293      24.9655      25       1      2.09000
      39.0975      32.0836      25       2      2.09000
      11.6419      54.8069      25       3      2.09000
     -9.56904      7.17025      26       1      2.30000
     -20.6634      11.2768      26       2      2.30000
      46.1895     -18.0299      28       1      2.46000
      6.63576      18.3428      28       2      2.46000
     -9.28222      28.0422      28       3      2.46000
     -22.6971     -50.8828      30       1      2.48000
      14.8489     -42.2393      30       2      2.48000
      9.56903     -22.9188      30       3      2.48000
     -56.7233      10.6381      30       4      2.48000
      25.6043     -58.7831      32       1      2.51000
     -37.5070     -47.5975      32       2      2.51000
     -46.0852    -0.312870      32       3      2.51000
     -15.0967     -82.4319      33       1      2.53000
     -48.8621     -68.4434      33       2      2.53000
     -67.1136     -40.0883      33       3      2.53000
      48.2754      7.13114      34       1      2.54000
      31.8490      18.0430      34       2      2.54000
     -2.82898      46.2025      34       3      2.54000
      42.0569     -38.6021      35       1      2.66000
     -6.58360      10.5989      35       2      2.66000
     -19.4118      15.9049      35       3      2.66000
      53.4119     -7.02684      37       1      2.68000
      16.9088      23.5967      37       2      2.68000
      1.39495      36.4510      37       3      2.68000
      9.19096     -70.3337      38       1      2.75000
     -40.6749     -62.6159      38       2      2.75000
     -8.99542     -19.6856      38       3      2.75000
     -61.2079     -11.9678      38       4      2.75000
      3.83282     -75.9917      40       1      2.78000
     -45.4986     -62.4856      40       2      2.78000
      30.7539     -63.1113      41       1      2.83000
     -42.1611     -42.7738      41       2      2.83000
     -11.5246     -5.14955      41       3      2.83000
     -43.3866     -3.11580      41       4      2.83000
      30.1412     -43.8429      43       1      2.89000
     -27.4556     -43.3605      43       2      2.89000
      46.7892      9.03452      45       1      2.85000
      34.9257      16.7784      45       2      2.85000
     -6.14034      48.8099      45       3      2.85000
      59.5784      9.73851      46       1      2.89000
      31.2884      28.7462      46       2      2.89000
      8.01765      50.5699      46       3      2.89000
      43.0085     -27.8337      47       1      2.92000
     -24.2616      25.5522      47       2      2.92000
      51.5868      14.8098      51       1      2.93000
      37.4418      23.2577      51       2      2.93000
    -0.886500      53.5293      51       3      2.93000
     -22.0453     -47.5062      52       1      2.93000
      15.6442     -24.5223      52       2      2.93000
      25.1350     -75.9917      53       1      3.08000
     -20.5330     -23.8965      53       2      3.08000
     -19.3206     -18.5905      53       3      3.08000
      67.2962      5.37117      54       1      3.11000
      27.2861      36.6987      54       2      3.11000
      18.7991      45.8506      54       3      3.11000
     -25.6435     -46.9717      55       1      3.16000
      26.0997     -40.5576      55       2      3.16000
      11.4072     -11.6940      55       3      3.16000
     -50.5569      15.5660      55       4      3.16000
      20.7546     -72.0285      56       1      3.28000
     -50.1527     -48.6404      56       2      3.28000
     -56.5407     -15.5921      56       3      3.28000
     -11.1856     -14.0667      56       4      3.28000
      46.3329      11.1465      57       1      3.27000
      38.1197      16.4264      57       2      3.27000
     -7.96550      51.2739      57       3      3.27000
     -26.5430     -47.9495      58       1      3.24000
      25.9824     -42.9042      58       2      3.24000
      10.6902     -11.5115      58       3      3.24000
      40.8835     -10.1948      60       1      3.27000
     -24.3267      36.6857      60       2      3.27000
     -36.7118     -85.8084      61       1      3.36000
     -44.8598     -81.5715      61       2      3.36000
     -72.8889     -48.9794      61       3      3.36000
      43.4779     -29.1504      62       1      3.39000
      10.6250      7.02684      62       2      3.39000
     -28.0944      26.3214      62       3      3.39000
      12.8543     -42.2915      63       1      3.33000
      11.5767     -28.2769      63       2      3.33000
     -28.7201     -46.0461      64       1      3.35000
      30.6887     -45.0292      64       2      3.35000
      7.05292     -5.87962      64       3      3.35000
     -46.6067      14.9663      64       4      3.35000
      68.5998      17.0652      66       1      3.38000
      43.5039      50.8567      66       2      3.38000
      17.9517      57.1926      66       3      3.38000
      46.8805     -20.2984      67       1      3.46000
      15.4878      10.7293      67       2      3.46000
     -20.9502      32.6312      67       3      3.46000
      44.6512     -29.6327      68       1      3.49000
      9.45171      8.47393      68       2      3.49000
     -26.3344      26.8037      68       3      3.49000
     -10.2470     -86.9948      69       1      3.48000
     -58.5484     -63.0592      69       2      3.48000
     -68.2087     -45.4594      69       3      3.48000
      31.9403     -66.3054      71       1      3.52000
     -45.1857     -43.3214      71       2      3.52000
     -45.8506     -3.76764      71       3      3.52000
      26.6473     -73.0454      73       1      3.60000
     -53.1381     -37.4548      73       2      3.60000
     -53.8030     -19.6595      73       3      3.60000
     -13.9103     -12.0330      73       4      3.60000
     -45.5637     -51.6780      74       1      3.55000
     -53.8682     -5.91872      74       2      3.55000
      17.4433     -55.1328      75       1      3.53000
      5.30599     -15.8919      75       2      3.53000
      31.9403     -50.2831      76       1      3.60000
     -32.5530     -48.1450      76       2      3.60000
      3.35048     -4.31520      76       3      3.60000
     -47.1803      11.7201      76       4      3.60000
     -54.4418     -47.3759      78       1      3.68000
     -59.7608     -20.9372      78       2      3.68000
     -30.9103     -87.2555      79       1      3.65000
     -46.4111     -80.0722      79       2      3.65000
     -74.3882     -43.7777      79       3      3.65000
      56.9970     0.547550      80       1      3.74000
     -2.99846      47.4280      80       2      3.74000
     -11.8896     -33.5177      82       1      3.92000
     -70.5554      8.44786      82       2      3.92000
      38.7064      33.0484      85       1      3.95000
      46.3329      43.6082      85       2      3.95000
      3.62423      59.8000      85       3      3.95000
      42.0177     -31.0798      87       1      3.93000
      12.6327      3.65031      87       2      3.93000
     -34.6389      26.8037      87       3      3.93000
     -38.5108     -54.3375      90       1      4.05000
     -1.27762     -6.76613      90       2      4.05000
     -53.1381      3.92408      90       3      4.05000
      35.9165     -34.8735      91       1      4.26000
      13.9755     -3.51995      91       2      4.26000
      49.7486      2.64647      93       1      4.20000
      32.6442      14.7707      93       2      4.20000
      29.1764     -68.3782      94       1      4.38000
     -47.5193     -49.3184      94       2      4.38000
     -53.0469     -4.47163      94       3      4.38000
     -48.5622     -75.1182      97       1      4.39000
     -74.1274     -33.5959      97       2      4.39000
      29.0070      18.3298      98       1      4.34000
     -10.5468      47.8321      98       2      4.34000
     -1.32975     -83.0968      99       1      4.33000
     -70.5554     -24.7309      99       2      4.33000
      42.0177     -53.5032     100       1      4.31000
     -34.0001     -41.1703     100       2      4.31000
     -22.0453     -26.5300     102       1      4.52000
     -19.6335     -12.0982     102       2      4.52000
     -20.3766     -48.9272     103       1      4.49000
     -59.8000      21.4716     103       2      4.49000
      15.0706      18.4080     104       1      4.56000
     -13.0890      37.2202     104       2      4.56000
      45.0423     -63.7501     105       1      4.51000
     -37.8720     -34.6650     105       2      4.51000
      37.3114     -19.3858     108       1      4.55000
     -38.7064      32.6312     108       2      4.55000
      38.4196     -52.9426     109       1      4.58000
     -41.7309      12.6457     109       2      4.58000
      34.9648     -73.9319     111       1      4.69000
     -51.0783     -26.2823     111       2      4.69000
     -50.3613     -19.5553     111       3      4.69000
      74.8054      28.7853     112       1      4.80000
      44.8988      62.3552     112       2      4.80000
      29.1373      66.2662     112       3      4.80000
      24.7960      36.1120     114       1      4.94000
      14.7577      46.6197     114       2      4.94000
     -32.8789     -52.3820     115       1      5.11000
      31.6535     -52.3820     115       2      5.11000
      5.84051     -5.29296     115       3      5.11000
     -52.2386      13.2063     115       4      5.11000
      47.8843     -38.5760     117       1      5.34000
      5.08436      10.1948     117       2      5.34000
     -30.0499      25.3306     117       3      5.34000
      23.9356     -60.0346     121       1      5.45000
      3.89801     -10.1687     121       2      5.45000
      19.9333     -47.4410     122       1      5.80000
      13.0238     -19.8681     122       2      5.80000
