     -2.49327     -14.7040       1           1     0.970000
      6.82099     0.744010       1           2     0.970000
      6.51052      4.76693       1           3     0.970000
     -19.5504     -11.3332       2           1      1.23000
     -15.4142     0.312170       2           2      1.23000
     -7.24266      19.8055       2           3      1.23000
     -24.1206     -8.43233       3           1      1.29000
     -24.6003      1.94724       3           2      1.29000
     -10.0902      22.7064       3           3      1.29000
     -38.7368    -0.410700       4           1      1.60000
     -38.0808      6.67260       4           2      1.60000
     -25.7250      26.3731       4           3      1.60000
     -3.79234     -18.0176       5           1      1.68000
      5.56851     -10.8410       5           2      1.68000
      8.48077      20.3618       5           3      1.68000
     -27.0878     -6.56859       6           1      1.63000
     -28.2265    -0.576050       6           2      1.63000
     -8.70479      28.5306       6           3      1.63000
     -13.2279     -26.7704       7           1      1.70000
      9.03815    -0.101340       7           2      1.70000
      4.06970      14.2333       7           3      1.70000
     -36.1666     -7.24725       8           1      2.00000
     -36.5923      6.42266       8           2      2.00000
     -19.4233      29.6021       8           3      2.00000
      8.74376     -23.0910       9           1      2.19000
      14.9326     -17.3176       9           2      2.19000
      20.4228      12.4155       9           3      2.19000
     -29.2803     -24.6593      10           1      2.47000
     -27.1005      12.1920      10           2      2.47000
     -12.7954      23.9531      10           3      2.47000
     -29.7586     -11.2995      11           1      2.47000
     -32.1274      2.11866      11           2      2.47000
     -8.63590      32.4861      11           3      2.47000
     -37.0492     -14.5850      12           1      2.63000
     -35.9512      12.4506      12           2      2.63000
     -20.7164      29.5256      12           3      2.63000
    -0.342310     -28.9996      13           1      2.92000
      19.3493     -12.8596      13           2      2.92000
      19.8542      14.1575      13           3      2.92000
     -49.1118      1.14408      14           1      3.14000
     -46.4605      14.7541      14           2      3.14000
     -36.5976      31.8285      14           3      3.14000
     -17.6368     -28.5312      15           1      3.25000
      11.2190     -5.97106      15           2      3.25000
     -2.15318    -0.331010      15           3      3.25000
     -7.54898     0.970540      15           4      3.25000
      1.83502      25.2661      15           5      3.25000
     -5.85215     -29.0101      16           1      3.31000
      16.9009     -12.4081      16           2      3.31000
      15.5736      19.6100      16           3      3.31000
     -21.4836     -37.5296      17           1      3.19000
     0.568820      3.72789      17           2      3.19000
      7.60683      4.56988      17           3      3.19000
     -9.98818      8.35884      17           4      3.19000
     -2.01178      15.0948      17           5      3.19000
     -19.6486     -28.5119      18           1      3.45000
      9.70859     -5.28332      18           2      3.45000
    -0.636310    -0.816280      18           3      3.45000
     -12.3792      1.86394      18           4      3.45000
     -19.3690      3.20406      18           5      3.45000
     -24.6812      5.88429      18           6      3.45000
   -0.0771300      26.4327      18           7      3.45000
     -34.6180     -12.7166      19           1      3.55000
     -37.2500      4.87519      19           2      3.55000
     -12.9544      34.3223      19           3      3.55000
