# Cosmology used is: h = 0.7, Omega_m = 0.27, Omega_r = 0, Omega_v = 0.73
# Lens redshift is z_d = 0.4
# beta = 0.362183 0.522377
76.13444165	-61.98041654	3.13121
-93.85972301	-47.72751407
17.52208442	-9.908553727
-85.93892582	51.57606424
30.98663408	106.1794892

# beta = -3.2734 1.54771
68.94692208	-37.59836529	3.27607
27.86525003	-18.80975874
-127.8346672	8.675219643

# beta = -3.92347 -3.5981
-85.63791365	-68.71142056	2.32861
34.81122069	8.899026084
52.04021659	10.05256496

# beta = -1.50927 2.59638
54.06612762	-46.23644317	2.7781
25.92971874	-23.19436375
-27.99456156	104.362458

# beta = 3.16816 0.127405
0.1455458942	-83.03740951	2.48245
26.51695646	-81.60324978
-16.89964262	-1.094654798
-66.10288881	17.11538712
73.5573909	69.25198625

# beta = 3.14476 -0.523804
-2.553600053	-77.06813351	2.22457
43.8423006	-69.44116845
-17.80955322	-0.1484271177
-55.6810994	21.01103029
68.61264567	57.45899546

# beta = 3.24408 -1.03167 
-3.738833688	-47.12937352	1.50236
38.71550334	-38.23452566
23.03517916	-21.56951212
17.71441247	-13.72044255
-21.56604679	1.496824796
-32.70433154	8.174917738
35.3100382	40.46891233

# beta = 1.57615 -3.72832 
-17.56506804	-59.77342694	1.55285
29.85552859	11.09766434
42.24737036	22.72164049

# beta = -0.726852 -3.68244
-59.71971506	-88.9842624	2.49997
27.93916033	9.036145059
70.30382006	29.81217262

# beta = 0.775456 -1.89827
-31.01492796	-47.83758507	1.56877
-16.7869854	2.158345753
-5.437999909	2.959356777
48.96642833	5.508109725
31.51476953	8.352887584
-28.53324	26.55989885
-2.348210874	38.79794178

# beta = 0.55649 -1.77214
-52.96338309	-75.38006994	2.41377
83.42396799	-9.559924037
23.28555836	4.321357071
-37.62995414	58.13287765
29.1446683	71.63178763

# beta = 1.76657 -3.3571
-21.25349403	-79.45969458	2.01294
-15.53790959	4.777302542
2.186834458	7.514924223
24.18148568	9.091347029
-28.26979914	35.48610278

# beta = -3.03644 0.741194
80.10810489	-36.28085942	3.49909
-132.321092	-19.76529462
26.90523525	-12.49617034
