76.13444165	-61.98041654	3.1312
-93.85972301	-47.72751407
17.52208442	-9.908553727
-85.93892582	51.57606424
30.98663408	106.1794892

68.94692208	-37.59836529	3.2761
27.86525003	-18.80975874
-127.8346672	8.675219643

-85.63791365	-68.71142056	2.3286
34.81122069	8.899026084
52.04021659	10.05256496

54.06612762	-46.23644317	2.7781
25.92971874	-23.19436375
-27.99456156	104.362458

0.1455458942	-83.03740951	2.4824
26.51695646	-81.60324978
-16.89964262	-1.094654798
-66.10288881	17.11538712
73.5573909	69.25198625

-2.553600053	-77.06813351	2.2246
43.8423006	-69.44116845
-17.80955322	-0.1484271177
-55.6810994	21.01103029
68.61264567	57.45899546

-3.738833688	-47.12937352	1.5023
38.71550334	-38.23452566
23.03517916	-21.56951212
17.71441247	-13.72044255
-21.56604679	1.496824796
-32.70433154	8.174917738
35.3100382	40.46891233

-17.56506804	-59.77342694	1.5529
29.85552859	11.09766434
42.24737036	22.72164049

-59.71971506	-88.9842624	2.5000
27.93916033	9.036145059
70.30382006	29.81217262

-31.01492796	-47.83758507	1.5688
-16.7869854	2.158345753
-5.437999909	2.959356777
48.96642833	5.508109725
31.51476953	8.352887584
-28.53324	26.55989885
-2.348210874	38.79794178

-52.96338309	-75.38006994	2.4138
83.42396799	-9.559924037
23.28555836	4.321357071
-37.62995414	58.13287765
29.1446683	71.63178763

-21.25349403	-79.45969458	2.0129
-15.53790959	4.777302542
2.186834458	7.514924223
24.18148568	9.091347029
-28.26979914	35.48610278

80.10810489	-36.28085942	3.4991
-132.321092	-19.76529462
26.90523525	-12.49617034
