43.37554 -54.04333 3.58745
25.24906 -25.61848 3.58745
-14.75820 107.39546 3.58745

-66.83869 -45.68432 3.99367
-9.76595 -4.08979 3.99367
45.44290 87.53145 3.99367

-42.12191 -41.32525 4.94028
-17.47300 -6.65653 4.94028
79.82235 94.52507 4.94028

17.08826 -120.18600 3.65085
17.65201 8.65277 3.65085
-25.90786 56.87377 3.65085

-12.67563 -64.24302 5.08287
1.94616 -19.22642 5.08287
51.35434 108.31009 5.08287

-21.00366 -0.66748 3.71517
-53.57474 1.09231 3.71517
127.32758 10.89660 3.71517

44.27346 -37.46159 2.48318
29.02172 -26.11824 2.48318
-52.20512 86.18443 2.48318

64.13442 -16.75642 3.93130
34.16654 -9.68128 3.93130
-111.06936 2.08286 3.93130

-37.61440 -29.67810 4.66730
-19.86910 -8.12241 4.66730
93.05494 92.38532 4.66730

31.72087 -36.77006 3.79745
29.25261 -32.53505 3.79745
-24.70611 115.81673 3.79745

12.04076 -72.93587 1.18171
-18.66328 1.59967 1.18171
-40.38073 23.36931 1.18171

45.56127 -61.01902 3.03359
23.81208 -23.89770 3.03359
-1.38786 101.28144 3.03359

-35.06730 -36.64677 4.54856
-18.25752 -9.20118 4.54856
83.08827 97.60275 4.54856

61.42865 -118.95687 4.10042
-16.73929 4.67922 4.10042
-39.42977 42.72211 4.10042

91.65838 -78.45696 2.09542
-21.00575 3.40631 2.09542
-40.46266 20.31481 2.09542

-87.26019 -82.83708 3.71275
32.19421 9.83156 3.71275
58.25499 19.75080 3.71275

-41.93902 -44.85684 4.77966
-16.83055 -6.52972 4.77966
75.22261 94.93261 4.77966

88.85711 -90.77306 3.67766
-18.28896 1.68767 3.67766
-53.71468 32.19967 3.67766

-83.32609 -85.88444 4.20506
31.11661 9.58841 4.20506
62.41208 22.57911 4.20506

70.02073 -23.24668 5.46507
29.98763 -15.34214 5.46507
-111.67289 11.24536 5.46507

-24.52835 -17.27988 1.31836
-21.67618 -11.53453 1.31836
56.92084 74.30470 1.31836

32.18298 -76.12799 5.17430
21.22740 -22.70207 5.17430
17.84580 108.78186 5.17430

-79.91604 -46.75343 3.21098
87.19924 -5.19809 3.21098
23.46734 0.13396 3.21098

-19.59768 -0.65264 2.22992
-56.81239 4.58321 2.22992
100.35638 30.90718 2.22992

-47.53455 -6.76633 1.93825
-20.97396 -1.85559 1.93825
94.28437 49.22943 1.93825

